0.100000	0.032401	0.322994
0.200000	0.032199	0.320989
0.300000	0.032000	0.319015
0.400000	0.031804	0.317070
0.500000	0.031611	0.315154
0.600000	0.031421	0.313266
0.700000	0.031233	0.311406
0.800000	0.031049	0.309572
0.900000	0.030867	0.307765
1.000000	0.030687	0.305984
1.100000	0.030510	0.304228
1.200000	0.030336	0.302496
1.300000	0.030164	0.300789
1.400000	0.029994	0.299105
1.500000	0.029827	0.297444
1.600000	0.029662	0.295806
1.700000	0.029500	0.294190
1.800000	0.029339	0.292595
1.900000	0.029181	0.291022
2.000000	0.029024	0.289470
2.100000	0.028870	0.287938
2.200000	0.028718	0.286425
2.300000	0.028568	0.284933
2.400000	0.028419	0.283460
2.500000	0.028273	0.282005
2.600000	0.028129	0.280569
2.700000	0.027986	0.279151
2.800000	0.027845	0.277750
2.900000	0.027706	0.276367
3.000000	0.027568	0.275001
3.100000	0.027433	0.273652
3.200000	0.027298	0.272319
3.300000	0.027166	0.271002
3.400000	0.027035	0.269701
3.500000	0.026906	0.268416
3.600000	0.026778	0.267146
3.700000	0.026652	0.265890
3.800000	0.026527	0.264650
3.900000	0.026404	0.263423
4.000000	0.026282	0.262211
4.100000	0.026161	0.261013
4.200000	0.026042	0.259828
4.300000	0.025924	0.258657
4.400000	0.025808	0.257499
4.500000	0.025693	0.256354
4.600000	0.025579	0.255222
4.700000	0.025466	0.254102
4.800000	0.025355	0.252994
4.900000	0.025245	0.251899
5.000000	0.025136	0.250815
5.100000	0.025028	0.249744
5.200000	0.024921	0.248683
5.300000	0.024816	0.247634
5.400000	0.024711	0.246596
5.500000	0.024608	0.245569
5.600000	0.024506	0.244553
5.700000	0.024405	0.243547
5.800000	0.024305	0.242552
5.900000	0.024206	0.241567
6.000000	0.024108	0.240592
6.100000	0.024011	0.239627
6.200000	0.023915	0.238672
6.300000	0.023820	0.237726
6.400000	0.023726	0.236790
6.500000	0.023633	0.235863
6.600000	0.023540	0.234945
6.700000	0.023449	0.234037
6.800000	0.023359	0.233137
6.900000	0.023269	0.232246
7.000000	0.023180	0.231363
7.100000	0.023093	0.230489
7.200000	0.023006	0.229624
7.300000	0.022919	0.228767
7.400000	0.022834	0.227918
7.500000	0.022750	0.227077
7.600000	0.022666	0.226243
7.700000	0.022583	0.225418
7.800000	0.022501	0.224600
7.900000	0.022419	0.223790
8.000000	0.022339	0.222987
8.100000	0.022259	0.222192
8.200000	0.022180	0.221404
8.300000	0.022101	0.220623
8.400000	0.022023	0.219849
8.500000	0.021946	0.219081
8.600000	0.021870	0.218321
8.700000	0.021794	0.217568
8.800000	0.021719	0.216821
8.900000	0.021645	0.216081
9.000000	0.021571	0.215347
9.100000	0.021498	0.214620
9.200000	0.021426	0.213899
9.300000	0.021354	0.213184
9.400000	0.021283	0.212475
9.500000	0.021212	0.211772
9.600000	0.021142	0.211076
9.700000	0.021073	0.210385
9.800000	0.021004	0.209700
9.900000	0.020936	0.209020
10.000000	0.020868	0.208347
10.100000	0.020801	0.207679
10.200000	0.020735	0.207016
10.300000	0.020669	0.206359
10.400000	0.020603	0.205708
10.500000	0.020538	0.205062
10.600000	0.020474	0.204420
10.700000	0.020410	0.203785
10.800000	0.020347	0.203154
10.900000	0.020284	0.202528
11.000000	0.020222	0.201907
11.100000	0.020160	0.201292
11.200000	0.020099	0.200681
11.300000	0.020038	0.200074
11.400000	0.019977	0.199473
11.500000	0.019917	0.198876
11.600000	0.019858	0.198284
11.700000	0.019799	0.197697
11.800000	0.019741	0.197114
11.900000	0.019682	0.196535
12.000000	0.019625	0.195961
12.100000	0.019568	0.195392
12.200000	0.019511	0.194826
12.300000	0.019455	0.194265
12.400000	0.019399	0.193708
12.500000	0.019343	0.193156
12.600000	0.019288	0.192607
12.700000	0.019233	0.192062
12.800000	0.019179	0.191522
12.900000	0.019125	0.190985
13.000000	0.019072	0.190453
13.100000	0.019019	0.189924
13.200000	0.018966	0.189399
13.300000	0.018914	0.188878
13.400000	0.018862	0.188360
13.500000	0.018810	0.187847
13.600000	0.018759	0.187337
13.700000	0.018708	0.186830
13.800000	0.018658	0.186328
13.900000	0.018608	0.185829
14.000000	0.018558	0.185333
14.100000	0.018509	0.184841
14.200000	0.018460	0.184352
14.300000	0.018411	0.183866
14.400000	0.018363	0.183384
14.500000	0.018314	0.182906
14.600000	0.018267	0.182430
14.700000	0.018219	0.181958
14.800000	0.018172	0.181489
14.900000	0.018126	0.181024
15.000000	0.018079	0.180561
15.100000	0.018033	0.180102
15.200000	0.017987	0.179645
15.300000	0.017942	0.179192
15.400000	0.017897	0.178742
15.500000	0.017852	0.178294
15.600000	0.017807	0.177850
15.700000	0.017763	0.177409
15.800000	0.017719	0.176970
15.900000	0.017675	0.176534
16.000000	0.017632	0.176102
16.100000	0.017589	0.175672
16.200000	0.017546	0.175244
16.300000	0.017503	0.174820
16.400000	0.017461	0.174398
16.500000	0.017419	0.173979
16.600000	0.017377	0.173563
16.700000	0.017336	0.173149
16.800000	0.017294	0.172738
16.900000	0.017253	0.172330
17.000000	0.017213	0.171924
17.100000	0.017172	0.171520
17.200000	0.017132	0.171120
17.300000	0.017092	0.170721
17.400000	0.017052	0.170325
17.500000	0.017013	0.169932
17.600000	0.016974	0.169541
17.700000	0.016935	0.169152
17.800000	0.016896	0.168766
17.900000	0.016857	0.168382
18.000000	0.016819	0.168001
18.100000	0.016781	0.167622
18.200000	0.016743	0.167245
18.300000	0.016706	0.166870
18.400000	0.016668	0.166498
18.500000	0.016631	0.166127
18.600000	0.016594	0.165759
18.700000	0.016558	0.165394
18.800000	0.016521	0.165030
18.900000	0.016485	0.164669
19.000000	0.016449	0.164309
19.100000	0.016413	0.163952
19.200000	0.016377	0.163597
19.300000	0.016342	0.163244
19.400000	0.016307	0.162893
19.500000	0.016272	0.162544
19.600000	0.016237	0.162197
19.700000	0.016202	0.161852
19.800000	0.016168	0.161509
19.900000	0.016134	0.161168
20.000000	0.016100	0.160828
20.100000	0.016066	0.160491
20.200000	0.016032	0.160156
20.300000	0.015999	0.159823
20.400000	0.015966	0.159491
20.500000	0.015933	0.159161
20.600000	0.015900	0.158833
20.700000	0.015867	0.158507
20.800000	0.015835	0.158183
20.900000	0.015802	0.157861
21.000000	0.015770	0.157540
21.100000	0.015738	0.157221
21.200000	0.015706	0.156904
21.300000	0.015675	0.156589
21.400000	0.015643	0.156275
21.500000	0.015612	0.155963
21.600000	0.015581	0.155653
21.700000	0.015550	0.155344
21.800000	0.015519	0.155037
21.900000	0.015488	0.154732
22.000000	0.015458	0.154428
22.100000	0.015428	0.154126
22.200000	0.015398	0.153826
22.300000	0.015368	0.153527
22.400000	0.015338	0.153230
22.500000	0.015308	0.152934
22.600000	0.015279	0.152640
22.700000	0.015249	0.152347
22.800000	0.015220	0.152056
22.900000	0.015191	0.151767
23.000000	0.015162	0.151479
23.100000	0.015134	0.151192
23.200000	0.015105	0.150907
23.300000	0.015077	0.150623
23.400000	0.015048	0.150341
23.500000	0.015020	0.150060
23.600000	0.014992	0.149781
23.700000	0.014964	0.149503
23.800000	0.014936	0.149227
23.900000	0.014909	0.148952
24.000000	0.014881	0.148678
24.100000	0.014854	0.148406
24.200000	0.014827	0.148135
24.300000	0.014800	0.147865
24.400000	0.014773	0.147597
24.500000	0.014746	0.147330
24.600000	0.014720	0.147065
24.700000	0.014693	0.146800
24.800000	0.014667	0.146537
24.900000	0.014641	0.146276
25.000000	0.014615	0.146015
25.100000	0.014589	0.145756
25.200000	0.014563	0.145498
25.300000	0.014537	0.145242
25.400000	0.014511	0.144987
25.500000	0.014486	0.144732
25.600000	0.014461	0.144480
25.700000	0.014435	0.144228
25.800000	0.014410	0.143977
25.900000	0.014385	0.143728
26.000000	0.014360	0.143480
26.100000	0.014336	0.143233
26.200000	0.014311	0.142987
26.300000	0.014287	0.142743
26.400000	0.014262	0.142500
26.500000	0.014238	0.142257
26.600000	0.014214	0.142016
26.700000	0.014190	0.141776
26.800000	0.014166	0.141537
26.900000	0.014142	0.141300
27.000000	0.014118	0.141063
27.100000	0.014095	0.140827
27.200000	0.014071	0.140593
27.300000	0.014048	0.140360
27.400000	0.014024	0.140127
27.500000	0.014001	0.139896
27.600000	0.013978	0.139666
27.700000	0.013955	0.139437
27.800000	0.013932	0.139209
27.900000	0.013910	0.138982
28.000000	0.013887	0.138756
28.100000	0.013864	0.138531
28.200000	0.013842	0.138307
28.300000	0.013819	0.138084
28.400000	0.013797	0.137862
28.500000	0.013775	0.137641
28.600000	0.013753	0.137421
28.700000	0.013731	0.137202
28.800000	0.013709	0.136984
28.900000	0.013687	0.136766
29.000000	0.013666	0.136550
29.100000	0.013644	0.136335
29.200000	0.013623	0.136121
29.300000	0.013601	0.135908
29.400000	0.013580	0.135695
29.500000	0.013559	0.135484
29.600000	0.013538	0.135273
29.700000	0.013517	0.135064
29.800000	0.013496	0.134855
29.900000	0.013475	0.134647
30.000000	0.013454	0.134440
30.100000	0.013434	0.134234
30.200000	0.013413	0.134029
30.300000	0.013393	0.133825
30.400000	0.013372	0.133622
30.500000	0.013352	0.133419
30.600000	0.013332	0.133217
30.700000	0.013312	0.133017
30.800000	0.013292	0.132817
30.900000	0.013272	0.132618
31.000000	0.013252	0.132419
