1   38.4246   143.9321   0.000   300.00   200.00   193.000   14.000   6   4   0.00000
  -124.94385	    25.00000	     0.00000	    -0.00000	     0.00000
   -74.99252	    25.00000	     0.00000	    -0.00000	     0.00000
   -25.00154	    25.00000	     0.88542	    -5.59032	     0.00000
    25.00915	    25.00000	     6.43728	   -40.64338	     0.00000
    75.05219	    25.00000	     7.49790	   -47.33990	     0.00000
   125.13427	    25.00000	     1.32031	    -8.33609	     0.00000
  -125.15767	    75.00002	     0.00000	    -0.00000	     0.00000
   -75.14564	    75.00002	     0.12671	    -0.80003	     0.00000
   -25.09448	    75.00002	     1.66916	   -10.53863	     0.00000
    24.97967	    75.00002	     4.35514	   -27.49724	     0.00000
    75.08318	    75.00002	     5.28592	   -33.37399	     0.00000
   125.22647	    75.00002	     3.77163	   -23.81317	     0.00000
  -125.40703	   125.00004	     0.00000	    -0.00000	     0.00000
   -75.33540	   125.00004	     0.00000	    -0.00000	     0.00000
   -25.23660	   125.00004	     0.76027	    -4.80017	     0.00000
    24.92521	   125.00004	     3.05986	   -19.31918	     0.00000
    75.08546	   125.00004	     3.65744	   -23.09215	     0.00000
   125.27993	   125.00004	     2.05398	   -12.96835	     0.00000
  -125.69909	   175.00006	     0.00000	    -0.00000	     0.00000
   -75.56571	   175.00006	     0.00000	    -0.00000	     0.00000
   -25.41368	   175.00006	     0.00000	    -0.00000	     0.00000
    24.84545	   175.00006	     2.29020	   -14.45976	     0.00000
    75.05880	   175.00006	     1.47987	    -9.34353	     0.00000
   125.31540	   175.00006	     0.00000	    -0.00000	     0.00000
2   36.9168   143.3285   0.000   50.00   200.00   193.000   14.000   1   4   0.00000
    -0.00000	    25.00000	     0.00000	    -0.00000	     0.00000
     0.72807	    75.00002	     0.00000	    -0.00000	     0.00000
     1.32307	   125.00004	     0.35198	    -2.22230	     0.00000
     1.79342	   175.00006	     0.00000	    -0.00000	     0.00000
3   36.5118   142.9988   0.000   50.00   200.00   193.000   14.000   1   4   0.00000
    -0.00000	    25.00000	     0.00000	    -0.00000	     0.00000
     0.97375	    75.00002	     0.00000	    -0.00000	     0.00000
     1.83337	   125.00004	     0.34885	    -2.20254	     0.00000
     2.56060	   175.00006	     0.00000	    -0.00000	     0.00000
4   36.1068   142.6692   0.000   50.00   200.00   193.000   14.000   1   4   0.00000
    -0.00000	    25.00000	     0.29566	    -1.86673	     0.00000
     1.22593	    75.00002	     0.00000	    -0.00000	     0.00000
     2.32991	   125.00004	     0.35198	    -2.22230	     0.00000
     3.31165	   175.00006	     0.00000	    -0.00000	     0.00000
5   35.6868   142.4335   0.000   50.00   200.00   193.000   14.000   1   4   0.00000
    -0.00000	    25.00000	     0.09855	    -0.62224	     0.00000
     1.48484	    75.00002	     0.00000	    -0.00000	     0.00000
     2.84898	   125.00004	     0.08447	    -0.53335	     0.00000
     4.09209	   175.00006	     0.00000	    -0.00000	     0.00000
